RMSE: 0.025690538182928078
Run-time: 57.90728 sec
